1024
1.000000 0.000000 0.000000 1.000000
0.998047 0.001953 0.000000 1.000000
0.996094 0.003906 0.000000 1.000000
0.994141 0.005859 0.000000 1.000000
0.992188 0.007813 0.000000 1.000000
0.990234 0.009766 0.000000 1.000000
0.988281 0.011719 0.000000 1.000000
0.986328 0.013672 0.000000 1.000000
0.984375 0.015625 0.000000 1.000000
0.982422 0.017578 0.000000 1.000000
0.980469 0.019531 0.000000 1.000000
0.978516 0.021484 0.000000 1.000000
0.976563 0.023438 0.000000 1.000000
0.974609 0.025391 0.000000 1.000000
0.972656 0.027344 0.000000 1.000000
0.970703 0.029297 0.000000 1.000000
0.968750 0.031250 0.000000 1.000000
0.966797 0.033203 0.000000 1.000000
0.964844 0.035156 0.000000 1.000000
0.962891 0.037109 0.000000 1.000000
0.960938 0.039063 0.000000 1.000000
0.958984 0.041016 0.000000 1.000000
0.957031 0.042969 0.000000 1.000000
0.955078 0.044922 0.000000 1.000000
0.953125 0.046875 0.000000 1.000000
0.951172 0.048828 0.000000 1.000000
0.949219 0.050781 0.000000 1.000000
0.947266 0.052734 0.000000 1.000000
0.945313 0.054688 0.000000 1.000000
0.943359 0.056641 0.000000 1.000000
0.941406 0.058594 0.000000 1.000000
0.939453 0.060547 0.000000 1.000000
0.937500 0.062500 0.000000 1.000000
0.935547 0.064453 0.000000 1.000000
0.933594 0.066406 0.000000 1.000000
0.931641 0.068359 0.000000 1.000000
0.929688 0.070313 0.000000 1.000000
0.927734 0.072266 0.000000 1.000000
0.925781 0.074219 0.000000 1.000000
0.923828 0.076172 0.000000 1.000000
0.921875 0.078125 0.000000 1.000000
0.919922 0.080078 0.000000 1.000000
0.917969 0.082031 0.000000 1.000000
0.916016 0.083984 0.000000 1.000000
0.914063 0.085938 0.000000 1.000000
0.912109 0.087891 0.000000 1.000000
0.910156 0.089844 0.000000 1.000000
0.908203 0.091797 0.000000 1.000000
0.906250 0.093750 0.000000 1.000000
0.904297 0.095703 0.000000 1.000000
0.902344 0.097656 0.000000 1.000000
0.900391 0.099609 0.000000 1.000000
0.898438 0.101563 0.000000 1.000000
0.896484 0.103516 0.000000 1.000000
0.894531 0.105469 0.000000 1.000000
0.892578 0.107422 0.000000 1.000000
0.890625 0.109375 0.000000 1.000000
0.888672 0.111328 0.000000 1.000000
0.886719 0.113281 0.000000 1.000000
0.884766 0.115234 0.000000 1.000000
0.882813 0.117188 0.000000 1.000000
0.880859 0.119141 0.000000 1.000000
0.878906 0.121094 0.000000 1.000000
0.876953 0.123047 0.000000 1.000000
0.875000 0.125000 0.000000 1.000000
0.873047 0.126953 0.000000 1.000000
0.871094 0.128906 0.000000 1.000000
0.869141 0.130859 0.000000 1.000000
0.867188 0.132813 0.000000 1.000000
0.865234 0.134766 0.000000 1.000000
0.863281 0.136719 0.000000 1.000000
0.861328 0.138672 0.000000 1.000000
0.859375 0.140625 0.000000 1.000000
0.857422 0.142578 0.000000 1.000000
0.855469 0.144531 0.000000 1.000000
0.853516 0.146484 0.000000 1.000000
0.851563 0.148438 0.000000 1.000000
0.849609 0.150391 0.000000 1.000000
0.847656 0.152344 0.000000 1.000000
0.845703 0.154297 0.000000 1.000000
0.843750 0.156250 0.000000 1.000000
0.841797 0.158203 0.000000 1.000000
0.839844 0.160156 0.000000 1.000000
0.837891 0.162109 0.000000 1.000000
0.835938 0.164063 0.000000 1.000000
0.833984 0.166016 0.000000 1.000000
0.832031 0.167969 0.000000 1.000000
0.830078 0.169922 0.000000 1.000000
0.828125 0.171875 0.000000 1.000000
0.826172 0.173828 0.000000 1.000000
0.824219 0.175781 0.000000 1.000000
0.822266 0.177734 0.000000 1.000000
0.820313 0.179688 0.000000 1.000000
0.818359 0.181641 0.000000 1.000000
0.816406 0.183594 0.000000 1.000000
0.814453 0.185547 0.000000 1.000000
0.812500 0.187500 0.000000 1.000000
0.810547 0.189453 0.000000 1.000000
0.808594 0.191406 0.000000 1.000000
0.806641 0.193359 0.000000 1.000000
0.804688 0.195313 0.000000 1.000000
0.802734 0.197266 0.000000 1.000000
0.800781 0.199219 0.000000 1.000000
0.798828 0.201172 0.000000 1.000000
0.796875 0.203125 0.000000 1.000000
0.794922 0.205078 0.000000 1.000000
0.792969 0.207031 0.000000 1.000000
0.791016 0.208984 0.000000 1.000000
0.789063 0.210938 0.000000 1.000000
0.787109 0.212891 0.000000 1.000000
0.785156 0.214844 0.000000 1.000000
0.783203 0.216797 0.000000 1.000000
0.781250 0.218750 0.000000 1.000000
0.779297 0.220703 0.000000 1.000000
0.777344 0.222656 0.000000 1.000000
0.775391 0.224609 0.000000 1.000000
0.773438 0.226563 0.000000 1.000000
0.771484 0.228516 0.000000 1.000000
0.769531 0.230469 0.000000 1.000000
0.767578 0.232422 0.000000 1.000000
0.765625 0.234375 0.000000 1.000000
0.763672 0.236328 0.000000 1.000000
0.761719 0.238281 0.000000 1.000000
0.759766 0.240234 0.000000 1.000000
0.757813 0.242188 0.000000 1.000000
0.755859 0.244141 0.000000 1.000000
0.753906 0.246094 0.000000 1.000000
0.751953 0.248047 0.000000 1.000000
0.750000 0.250000 0.000000 1.000000
0.748047 0.251953 0.000000 1.000000
0.746094 0.253906 0.000000 1.000000
0.744141 0.255859 0.000000 1.000000
0.742188 0.257813 0.000000 1.000000
0.740234 0.259766 0.000000 1.000000
0.738281 0.261719 0.000000 1.000000
0.736328 0.263672 0.000000 1.000000
0.734375 0.265625 0.000000 1.000000
0.732422 0.267578 0.000000 1.000000
0.730469 0.269531 0.000000 1.000000
0.728516 0.271484 0.000000 1.000000
0.726563 0.273438 0.000000 1.000000
0.724609 0.275391 0.000000 1.000000
0.722656 0.277344 0.000000 1.000000
0.720703 0.279297 0.000000 1.000000
0.718750 0.281250 0.000000 1.000000
0.716797 0.283203 0.000000 1.000000
0.714844 0.285156 0.000000 1.000000
0.712891 0.287109 0.000000 1.000000
0.710938 0.289063 0.000000 1.000000
0.708984 0.291016 0.000000 1.000000
0.707031 0.292969 0.000000 1.000000
0.705078 0.294922 0.000000 1.000000
0.703125 0.296875 0.000000 1.000000
0.701172 0.298828 0.000000 1.000000
0.699219 0.300781 0.000000 1.000000
0.697266 0.302734 0.000000 1.000000
0.695313 0.304688 0.000000 1.000000
0.693359 0.306641 0.000000 1.000000
0.691406 0.308594 0.000000 1.000000
0.689453 0.310547 0.000000 1.000000
0.687500 0.312500 0.000000 1.000000
0.685547 0.314453 0.000000 1.000000
0.683594 0.316406 0.000000 1.000000
0.681641 0.318359 0.000000 1.000000
0.679688 0.320313 0.000000 1.000000
0.677734 0.322266 0.000000 1.000000
0.675781 0.324219 0.000000 1.000000
0.673828 0.326172 0.000000 1.000000
0.671875 0.328125 0.000000 1.000000
0.669922 0.330078 0.000000 1.000000
0.667969 0.332031 0.000000 1.000000
0.666016 0.333984 0.000000 1.000000
0.664063 0.335938 0.000000 1.000000
0.662109 0.337891 0.000000 1.000000
0.660156 0.339844 0.000000 1.000000
0.658203 0.341797 0.000000 1.000000
0.656250 0.343750 0.000000 1.000000
0.654297 0.345703 0.000000 1.000000
0.652344 0.347656 0.000000 1.000000
0.650391 0.349609 0.000000 1.000000
0.648438 0.351563 0.000000 1.000000
0.646484 0.353516 0.000000 1.000000
0.644531 0.355469 0.000000 1.000000
0.642578 0.357422 0.000000 1.000000
0.640625 0.359375 0.000000 1.000000
0.638672 0.361328 0.000000 1.000000
0.636719 0.363281 0.000000 1.000000
0.634766 0.365234 0.000000 1.000000
0.632813 0.367188 0.000000 1.000000
0.630859 0.369141 0.000000 1.000000
0.628906 0.371094 0.000000 1.000000
0.626953 0.373047 0.000000 1.000000
0.625000 0.375000 0.000000 1.000000
0.623047 0.376953 0.000000 1.000000
0.621094 0.378906 0.000000 1.000000
0.619141 0.380859 0.000000 1.000000
0.617188 0.382813 0.000000 1.000000
0.615234 0.384766 0.000000 1.000000
0.613281 0.386719 0.000000 1.000000
0.611328 0.388672 0.000000 1.000000
0.609375 0.390625 0.000000 1.000000
0.607422 0.392578 0.000000 1.000000
0.605469 0.394531 0.000000 1.000000
0.603516 0.396484 0.000000 1.000000
0.601563 0.398438 0.000000 1.000000
0.599609 0.400391 0.000000 1.000000
0.597656 0.402344 0.000000 1.000000
0.595703 0.404297 0.000000 1.000000
0.593750 0.406250 0.000000 1.000000
0.591797 0.408203 0.000000 1.000000
0.589844 0.410156 0.000000 1.000000
0.587891 0.412109 0.000000 1.000000
0.585938 0.414063 0.000000 1.000000
0.583984 0.416016 0.000000 1.000000
0.582031 0.417969 0.000000 1.000000
0.580078 0.419922 0.000000 1.000000
0.578125 0.421875 0.000000 1.000000
0.576172 0.423828 0.000000 1.000000
0.574219 0.425781 0.000000 1.000000
0.572266 0.427734 0.000000 1.000000
0.570313 0.429688 0.000000 1.000000
0.568359 0.431641 0.000000 1.000000
0.566406 0.433594 0.000000 1.000000
0.564453 0.435547 0.000000 1.000000
0.562500 0.437500 0.000000 1.000000
0.560547 0.439453 0.000000 1.000000
0.558594 0.441406 0.000000 1.000000
0.556641 0.443359 0.000000 1.000000
0.554688 0.445313 0.000000 1.000000
0.552734 0.447266 0.000000 1.000000
0.550781 0.449219 0.000000 1.000000
0.548828 0.451172 0.000000 1.000000
0.546875 0.453125 0.000000 1.000000
0.544922 0.455078 0.000000 1.000000
0.542969 0.457031 0.000000 1.000000
0.541016 0.458984 0.000000 1.000000
0.539063 0.460938 0.000000 1.000000
0.537109 0.462891 0.000000 1.000000
0.535156 0.464844 0.000000 1.000000
0.533203 0.466797 0.000000 1.000000
0.531250 0.468750 0.000000 1.000000
0.529297 0.470703 0.000000 1.000000
0.527344 0.472656 0.000000 1.000000
0.525391 0.474609 0.000000 1.000000
0.523438 0.476563 0.000000 1.000000
0.521484 0.478516 0.000000 1.000000
0.519531 0.480469 0.000000 1.000000
0.517578 0.482422 0.000000 1.000000
0.515625 0.484375 0.000000 1.000000
0.513672 0.486328 0.000000 1.000000
0.511719 0.488281 0.000000 1.000000
0.509766 0.490234 0.000000 1.000000
0.507813 0.492188 0.000000 1.000000
0.505859 0.494141 0.000000 1.000000
0.503906 0.496094 0.000000 1.000000
0.501953 0.498047 0.000000 1.000000
0.500000 0.500000 0.000000 1.000000
0.498047 0.501953 0.000000 1.000000
0.496094 0.503906 0.000000 1.000000
0.494141 0.505859 0.000000 1.000000
0.492188 0.507813 0.000000 1.000000
0.490234 0.509766 0.000000 1.000000
0.488281 0.511719 0.000000 1.000000
0.486328 0.513672 0.000000 1.000000
0.484375 0.515625 0.000000 1.000000
0.482422 0.517578 0.000000 1.000000
0.480469 0.519531 0.000000 1.000000
0.478516 0.521484 0.000000 1.000000
0.476563 0.523438 0.000000 1.000000
0.474609 0.525391 0.000000 1.000000
0.472656 0.527344 0.000000 1.000000
0.470703 0.529297 0.000000 1.000000
0.468750 0.531250 0.000000 1.000000
0.466797 0.533203 0.000000 1.000000
0.464844 0.535156 0.000000 1.000000
0.462891 0.537109 0.000000 1.000000
0.460938 0.539063 0.000000 1.000000
0.458984 0.541016 0.000000 1.000000
0.457031 0.542969 0.000000 1.000000
0.455078 0.544922 0.000000 1.000000
0.453125 0.546875 0.000000 1.000000
0.451172 0.548828 0.000000 1.000000
0.449219 0.550781 0.000000 1.000000
0.447266 0.552734 0.000000 1.000000
0.445313 0.554688 0.000000 1.000000
0.443359 0.556641 0.000000 1.000000
0.441406 0.558594 0.000000 1.000000
0.439453 0.560547 0.000000 1.000000
0.437500 0.562500 0.000000 1.000000
0.435547 0.564453 0.000000 1.000000
0.433594 0.566406 0.000000 1.000000
0.431641 0.568359 0.000000 1.000000
0.429688 0.570313 0.000000 1.000000
0.427734 0.572266 0.000000 1.000000
0.425781 0.574219 0.000000 1.000000
0.423828 0.576172 0.000000 1.000000
0.421875 0.578125 0.000000 1.000000
0.419922 0.580078 0.000000 1.000000
0.417969 0.582031 0.000000 1.000000
0.416016 0.583984 0.000000 1.000000
0.414063 0.585938 0.000000 1.000000
0.412109 0.587891 0.000000 1.000000
0.410156 0.589844 0.000000 1.000000
0.408203 0.591797 0.000000 1.000000
0.406250 0.593750 0.000000 1.000000
0.404297 0.595703 0.000000 1.000000
0.402344 0.597656 0.000000 1.000000
0.400391 0.599609 0.000000 1.000000
0.398438 0.601563 0.000000 1.000000
0.396484 0.603516 0.000000 1.000000
0.394531 0.605469 0.000000 1.000000
0.392578 0.607422 0.000000 1.000000
0.390625 0.609375 0.000000 1.000000
0.388672 0.611328 0.000000 1.000000
0.386719 0.613281 0.000000 1.000000
0.384766 0.615234 0.000000 1.000000
0.382813 0.617188 0.000000 1.000000
0.380859 0.619141 0.000000 1.000000
0.378906 0.621094 0.000000 1.000000
0.376953 0.623047 0.000000 1.000000
0.375000 0.625000 0.000000 1.000000
0.373047 0.626953 0.000000 1.000000
0.371094 0.628906 0.000000 1.000000
0.369141 0.630859 0.000000 1.000000
0.367188 0.632813 0.000000 1.000000
0.365234 0.634766 0.000000 1.000000
0.363281 0.636719 0.000000 1.000000
0.361328 0.638672 0.000000 1.000000
0.359375 0.640625 0.000000 1.000000
0.357422 0.642578 0.000000 1.000000
0.355469 0.644531 0.000000 1.000000
0.353516 0.646484 0.000000 1.000000
0.351563 0.648438 0.000000 1.000000
0.349609 0.650391 0.000000 1.000000
0.347656 0.652344 0.000000 1.000000
0.345703 0.654297 0.000000 1.000000
0.343750 0.656250 0.000000 1.000000
0.341797 0.658203 0.000000 1.000000
0.339844 0.660156 0.000000 1.000000
0.337891 0.662109 0.000000 1.000000
0.335938 0.664063 0.000000 1.000000
0.333984 0.666016 0.000000 1.000000
0.332031 0.667969 0.000000 1.000000
0.330078 0.669922 0.000000 1.000000
0.328125 0.671875 0.000000 1.000000
0.326172 0.673828 0.000000 1.000000
0.324219 0.675781 0.000000 1.000000
0.322266 0.677734 0.000000 1.000000
0.320313 0.679688 0.000000 1.000000
0.318359 0.681641 0.000000 1.000000
0.316406 0.683594 0.000000 1.000000
0.314453 0.685547 0.000000 1.000000
0.312500 0.687500 0.000000 1.000000
0.310547 0.689453 0.000000 1.000000
0.308594 0.691406 0.000000 1.000000
0.306641 0.693359 0.000000 1.000000
0.304688 0.695313 0.000000 1.000000
0.302734 0.697266 0.000000 1.000000
0.300781 0.699219 0.000000 1.000000
0.298828 0.701172 0.000000 1.000000
0.296875 0.703125 0.000000 1.000000
0.294922 0.705078 0.000000 1.000000
0.292969 0.707031 0.000000 1.000000
0.291016 0.708984 0.000000 1.000000
0.289063 0.710938 0.000000 1.000000
0.287109 0.712891 0.000000 1.000000
0.285156 0.714844 0.000000 1.000000
0.283203 0.716797 0.000000 1.000000
0.281250 0.718750 0.000000 1.000000
0.279297 0.720703 0.000000 1.000000
0.277344 0.722656 0.000000 1.000000
0.275391 0.724609 0.000000 1.000000
0.273438 0.726563 0.000000 1.000000
0.271484 0.728516 0.000000 1.000000
0.269531 0.730469 0.000000 1.000000
0.267578 0.732422 0.000000 1.000000
0.265625 0.734375 0.000000 1.000000
0.263672 0.736328 0.000000 1.000000
0.261719 0.738281 0.000000 1.000000
0.259766 0.740234 0.000000 1.000000
0.257813 0.742188 0.000000 1.000000
0.255859 0.744141 0.000000 1.000000
0.253906 0.746094 0.000000 1.000000
0.251953 0.748047 0.000000 1.000000
0.250000 0.750000 0.000000 1.000000
0.248047 0.751953 0.000000 1.000000
0.246094 0.753906 0.000000 1.000000
0.244141 0.755859 0.000000 1.000000
0.242188 0.757813 0.000000 1.000000
0.240234 0.759766 0.000000 1.000000
0.238281 0.761719 0.000000 1.000000
0.236328 0.763672 0.000000 1.000000
0.234375 0.765625 0.000000 1.000000
0.232422 0.767578 0.000000 1.000000
0.230469 0.769531 0.000000 1.000000
0.228516 0.771484 0.000000 1.000000
0.226563 0.773438 0.000000 1.000000
0.224609 0.775391 0.000000 1.000000
0.222656 0.777344 0.000000 1.000000
0.220703 0.779297 0.000000 1.000000
0.218750 0.781250 0.000000 1.000000
0.216797 0.783203 0.000000 1.000000
0.214844 0.785156 0.000000 1.000000
0.212891 0.787109 0.000000 1.000000
0.210938 0.789063 0.000000 1.000000
0.208984 0.791016 0.000000 1.000000
0.207031 0.792969 0.000000 1.000000
0.205078 0.794922 0.000000 1.000000
0.203125 0.796875 0.000000 1.000000
0.201172 0.798828 0.000000 1.000000
0.199219 0.800781 0.000000 1.000000
0.197266 0.802734 0.000000 1.000000
0.195313 0.804688 0.000000 1.000000
0.193359 0.806641 0.000000 1.000000
0.191406 0.808594 0.000000 1.000000
0.189453 0.810547 0.000000 1.000000
0.187500 0.812500 0.000000 1.000000
0.185547 0.814453 0.000000 1.000000
0.183594 0.816406 0.000000 1.000000
0.181641 0.818359 0.000000 1.000000
0.179688 0.820313 0.000000 1.000000
0.177734 0.822266 0.000000 1.000000
0.175781 0.824219 0.000000 1.000000
0.173828 0.826172 0.000000 1.000000
0.171875 0.828125 0.000000 1.000000
0.169922 0.830078 0.000000 1.000000
0.167969 0.832031 0.000000 1.000000
0.166016 0.833984 0.000000 1.000000
0.164063 0.835938 0.000000 1.000000
0.162109 0.837891 0.000000 1.000000
0.160156 0.839844 0.000000 1.000000
0.158203 0.841797 0.000000 1.000000
0.156250 0.843750 0.000000 1.000000
0.154297 0.845703 0.000000 1.000000
0.152344 0.847656 0.000000 1.000000
0.150391 0.849609 0.000000 1.000000
0.148438 0.851563 0.000000 1.000000
0.146484 0.853516 0.000000 1.000000
0.144531 0.855469 0.000000 1.000000
0.142578 0.857422 0.000000 1.000000
0.140625 0.859375 0.000000 1.000000
0.138672 0.861328 0.000000 1.000000
0.136719 0.863281 0.000000 1.000000
0.134766 0.865234 0.000000 1.000000
0.132813 0.867188 0.000000 1.000000
0.130859 0.869141 0.000000 1.000000
0.128906 0.871094 0.000000 1.000000
0.126953 0.873047 0.000000 1.000000
0.125000 0.875000 0.000000 1.000000
0.123047 0.876953 0.000000 1.000000
0.121094 0.878906 0.000000 1.000000
0.119141 0.880859 0.000000 1.000000
0.117188 0.882813 0.000000 1.000000
0.115234 0.884766 0.000000 1.000000
0.113281 0.886719 0.000000 1.000000
0.111328 0.888672 0.000000 1.000000
0.109375 0.890625 0.000000 1.000000
0.107422 0.892578 0.000000 1.000000
0.105469 0.894531 0.000000 1.000000
0.103516 0.896484 0.000000 1.000000
0.101563 0.898438 0.000000 1.000000
0.099609 0.900391 0.000000 1.000000
0.097656 0.902344 0.000000 1.000000
0.095703 0.904297 0.000000 1.000000
0.093750 0.906250 0.000000 1.000000
0.091797 0.908203 0.000000 1.000000
0.089844 0.910156 0.000000 1.000000
0.087891 0.912109 0.000000 1.000000
0.085938 0.914063 0.000000 1.000000
0.083984 0.916016 0.000000 1.000000
0.082031 0.917969 0.000000 1.000000
0.080078 0.919922 0.000000 1.000000
0.078125 0.921875 0.000000 1.000000
0.076172 0.923828 0.000000 1.000000
0.074219 0.925781 0.000000 1.000000
0.072266 0.927734 0.000000 1.000000
0.070313 0.929688 0.000000 1.000000
0.068359 0.931641 0.000000 1.000000
0.066406 0.933594 0.000000 1.000000
0.064453 0.935547 0.000000 1.000000
0.062500 0.937500 0.000000 1.000000
0.060547 0.939453 0.000000 1.000000
0.058594 0.941406 0.000000 1.000000
0.056641 0.943359 0.000000 1.000000
0.054688 0.945313 0.000000 1.000000
0.052734 0.947266 0.000000 1.000000
0.050781 0.949219 0.000000 1.000000
0.048828 0.951172 0.000000 1.000000
0.046875 0.953125 0.000000 1.000000
0.044922 0.955078 0.000000 1.000000
0.042969 0.957031 0.000000 1.000000
0.041016 0.958984 0.000000 1.000000
0.039063 0.960938 0.000000 1.000000
0.037109 0.962891 0.000000 1.000000
0.035156 0.964844 0.000000 1.000000
0.033203 0.966797 0.000000 1.000000
0.031250 0.968750 0.000000 1.000000
0.029297 0.970703 0.000000 1.000000
0.027344 0.972656 0.000000 1.000000
0.025391 0.974609 0.000000 1.000000
0.023438 0.976563 0.000000 1.000000
0.021484 0.978516 0.000000 1.000000
0.019531 0.980469 0.000000 1.000000
0.017578 0.982422 0.000000 1.000000
0.015625 0.984375 0.000000 1.000000
0.013672 0.986328 0.000000 1.000000
0.011719 0.988281 0.000000 1.000000
0.009766 0.990234 0.000000 1.000000
0.007813 0.992188 0.000000 1.000000
0.005859 0.994141 0.000000 1.000000
0.003906 0.996094 0.000000 1.000000
0.001953 0.998047 0.000000 1.000000
0.000000 1.000000 0.000000 1.000000
0.000000 0.998047 0.001953 1.000000
0.000000 0.996094 0.003906 1.000000
0.000000 0.994141 0.005859 1.000000
0.000000 0.992188 0.007813 1.000000
0.000000 0.990234 0.009766 1.000000
0.000000 0.988281 0.011719 1.000000
0.000000 0.986328 0.013672 1.000000
0.000000 0.984375 0.015625 1.000000
0.000000 0.982422 0.017578 1.000000
0.000000 0.980469 0.019531 1.000000
0.000000 0.978516 0.021484 1.000000
0.000000 0.976563 0.023438 1.000000
0.000000 0.974609 0.025391 1.000000
0.000000 0.972656 0.027344 1.000000
0.000000 0.970703 0.029297 1.000000
0.000000 0.968750 0.031250 1.000000
0.000000 0.966797 0.033203 1.000000
0.000000 0.964844 0.035156 1.000000
0.000000 0.962891 0.037109 1.000000
0.000000 0.960938 0.039063 1.000000
0.000000 0.958984 0.041016 1.000000
0.000000 0.957031 0.042969 1.000000
0.000000 0.955078 0.044922 1.000000
0.000000 0.953125 0.046875 1.000000
0.000000 0.951172 0.048828 1.000000
0.000000 0.949219 0.050781 1.000000
0.000000 0.947266 0.052734 1.000000
0.000000 0.945313 0.054688 1.000000
0.000000 0.943359 0.056641 1.000000
0.000000 0.941406 0.058594 1.000000
0.000000 0.939453 0.060547 1.000000
0.000000 0.937500 0.062500 1.000000
0.000000 0.935547 0.064453 1.000000
0.000000 0.933594 0.066406 1.000000
0.000000 0.931641 0.068359 1.000000
0.000000 0.929688 0.070313 1.000000
0.000000 0.927734 0.072266 1.000000
0.000000 0.925781 0.074219 1.000000
0.000000 0.923828 0.076172 1.000000
0.000000 0.921875 0.078125 1.000000
0.000000 0.919922 0.080078 1.000000
0.000000 0.917969 0.082031 1.000000
0.000000 0.916016 0.083984 1.000000
0.000000 0.914063 0.085938 1.000000
0.000000 0.912109 0.087891 1.000000
0.000000 0.910156 0.089844 1.000000
0.000000 0.908203 0.091797 1.000000
0.000000 0.906250 0.093750 1.000000
0.000000 0.904297 0.095703 1.000000
0.000000 0.902344 0.097656 1.000000
0.000000 0.900391 0.099609 1.000000
0.000000 0.898438 0.101563 1.000000
0.000000 0.896484 0.103516 1.000000
0.000000 0.894531 0.105469 1.000000
0.000000 0.892578 0.107422 1.000000
0.000000 0.890625 0.109375 1.000000
0.000000 0.888672 0.111328 1.000000
0.000000 0.886719 0.113281 1.000000
0.000000 0.884766 0.115234 1.000000
0.000000 0.882813 0.117188 1.000000
0.000000 0.880859 0.119141 1.000000
0.000000 0.878906 0.121094 1.000000
0.000000 0.876953 0.123047 1.000000
0.000000 0.875000 0.125000 1.000000
0.000000 0.873047 0.126953 1.000000
0.000000 0.871094 0.128906 1.000000
0.000000 0.869141 0.130859 1.000000
0.000000 0.867188 0.132813 1.000000
0.000000 0.865234 0.134766 1.000000
0.000000 0.863281 0.136719 1.000000
0.000000 0.861328 0.138672 1.000000
0.000000 0.859375 0.140625 1.000000
0.000000 0.857422 0.142578 1.000000
0.000000 0.855469 0.144531 1.000000
0.000000 0.853516 0.146484 1.000000
0.000000 0.851563 0.148438 1.000000
0.000000 0.849609 0.150391 1.000000
0.000000 0.847656 0.152344 1.000000
0.000000 0.845703 0.154297 1.000000
0.000000 0.843750 0.156250 1.000000
0.000000 0.841797 0.158203 1.000000
0.000000 0.839844 0.160156 1.000000
0.000000 0.837891 0.162109 1.000000
0.000000 0.835938 0.164063 1.000000
0.000000 0.833984 0.166016 1.000000
0.000000 0.832031 0.167969 1.000000
0.000000 0.830078 0.169922 1.000000
0.000000 0.828125 0.171875 1.000000
0.000000 0.826172 0.173828 1.000000
0.000000 0.824219 0.175781 1.000000
0.000000 0.822266 0.177734 1.000000
0.000000 0.820313 0.179688 1.000000
0.000000 0.818359 0.181641 1.000000
0.000000 0.816406 0.183594 1.000000
0.000000 0.814453 0.185547 1.000000
0.000000 0.812500 0.187500 1.000000
0.000000 0.810547 0.189453 1.000000
0.000000 0.808594 0.191406 1.000000
0.000000 0.806641 0.193359 1.000000
0.000000 0.804688 0.195313 1.000000
0.000000 0.802734 0.197266 1.000000
0.000000 0.800781 0.199219 1.000000
0.000000 0.798828 0.201172 1.000000
0.000000 0.796875 0.203125 1.000000
0.000000 0.794922 0.205078 1.000000
0.000000 0.792969 0.207031 1.000000
0.000000 0.791016 0.208984 1.000000
0.000000 0.789063 0.210938 1.000000
0.000000 0.787109 0.212891 1.000000
0.000000 0.785156 0.214844 1.000000
0.000000 0.783203 0.216797 1.000000
0.000000 0.781250 0.218750 1.000000
0.000000 0.779297 0.220703 1.000000
0.000000 0.777344 0.222656 1.000000
0.000000 0.775391 0.224609 1.000000
0.000000 0.773438 0.226563 1.000000
0.000000 0.771484 0.228516 1.000000
0.000000 0.769531 0.230469 1.000000
0.000000 0.767578 0.232422 1.000000
0.000000 0.765625 0.234375 1.000000
0.000000 0.763672 0.236328 1.000000
0.000000 0.761719 0.238281 1.000000
0.000000 0.759766 0.240234 1.000000
0.000000 0.757813 0.242188 1.000000
0.000000 0.755859 0.244141 1.000000
0.000000 0.753906 0.246094 1.000000
0.000000 0.751953 0.248047 1.000000
0.000000 0.750000 0.250000 1.000000
0.000000 0.748047 0.251953 1.000000
0.000000 0.746094 0.253906 1.000000
0.000000 0.744141 0.255859 1.000000
0.000000 0.742188 0.257813 1.000000
0.000000 0.740234 0.259766 1.000000
0.000000 0.738281 0.261719 1.000000
0.000000 0.736328 0.263672 1.000000
0.000000 0.734375 0.265625 1.000000
0.000000 0.732422 0.267578 1.000000
0.000000 0.730469 0.269531 1.000000
0.000000 0.728516 0.271484 1.000000
0.000000 0.726563 0.273438 1.000000
0.000000 0.724609 0.275391 1.000000
0.000000 0.722656 0.277344 1.000000
0.000000 0.720703 0.279297 1.000000
0.000000 0.718750 0.281250 1.000000
0.000000 0.716797 0.283203 1.000000
0.000000 0.714844 0.285156 1.000000
0.000000 0.712891 0.287109 1.000000
0.000000 0.710938 0.289063 1.000000
0.000000 0.708984 0.291016 1.000000
0.000000 0.707031 0.292969 1.000000
0.000000 0.705078 0.294922 1.000000
0.000000 0.703125 0.296875 1.000000
0.000000 0.701172 0.298828 1.000000
0.000000 0.699219 0.300781 1.000000
0.000000 0.697266 0.302734 1.000000
0.000000 0.695313 0.304688 1.000000
0.000000 0.693359 0.306641 1.000000
0.000000 0.691406 0.308594 1.000000
0.000000 0.689453 0.310547 1.000000
0.000000 0.687500 0.312500 1.000000
0.000000 0.685547 0.314453 1.000000
0.000000 0.683594 0.316406 1.000000
0.000000 0.681641 0.318359 1.000000
0.000000 0.679688 0.320313 1.000000
0.000000 0.677734 0.322266 1.000000
0.000000 0.675781 0.324219 1.000000
0.000000 0.673828 0.326172 1.000000
0.000000 0.671875 0.328125 1.000000
0.000000 0.669922 0.330078 1.000000
0.000000 0.667969 0.332031 1.000000
0.000000 0.666016 0.333984 1.000000
0.000000 0.664063 0.335938 1.000000
0.000000 0.662109 0.337891 1.000000
0.000000 0.660156 0.339844 1.000000
0.000000 0.658203 0.341797 1.000000
0.000000 0.656250 0.343750 1.000000
0.000000 0.654297 0.345703 1.000000
0.000000 0.652344 0.347656 1.000000
0.000000 0.650391 0.349609 1.000000
0.000000 0.648438 0.351563 1.000000
0.000000 0.646484 0.353516 1.000000
0.000000 0.644531 0.355469 1.000000
0.000000 0.642578 0.357422 1.000000
0.000000 0.640625 0.359375 1.000000
0.000000 0.638672 0.361328 1.000000
0.000000 0.636719 0.363281 1.000000
0.000000 0.634766 0.365234 1.000000
0.000000 0.632813 0.367188 1.000000
0.000000 0.630859 0.369141 1.000000
0.000000 0.628906 0.371094 1.000000
0.000000 0.626953 0.373047 1.000000
0.000000 0.625000 0.375000 1.000000
0.000000 0.623047 0.376953 1.000000
0.000000 0.621094 0.378906 1.000000
0.000000 0.619141 0.380859 1.000000
0.000000 0.617188 0.382813 1.000000
0.000000 0.615234 0.384766 1.000000
0.000000 0.613281 0.386719 1.000000
0.000000 0.611328 0.388672 1.000000
0.000000 0.609375 0.390625 1.000000
0.000000 0.607422 0.392578 1.000000
0.000000 0.605469 0.394531 1.000000
0.000000 0.603516 0.396484 1.000000
0.000000 0.601563 0.398438 1.000000
0.000000 0.599609 0.400391 1.000000
0.000000 0.597656 0.402344 1.000000
0.000000 0.595703 0.404297 1.000000
0.000000 0.593750 0.406250 1.000000
0.000000 0.591797 0.408203 1.000000
0.000000 0.589844 0.410156 1.000000
0.000000 0.587891 0.412109 1.000000
0.000000 0.585938 0.414063 1.000000
0.000000 0.583984 0.416016 1.000000
0.000000 0.582031 0.417969 1.000000
0.000000 0.580078 0.419922 1.000000
0.000000 0.578125 0.421875 1.000000
0.000000 0.576172 0.423828 1.000000
0.000000 0.574219 0.425781 1.000000
0.000000 0.572266 0.427734 1.000000
0.000000 0.570313 0.429688 1.000000
0.000000 0.568359 0.431641 1.000000
0.000000 0.566406 0.433594 1.000000
0.000000 0.564453 0.435547 1.000000
0.000000 0.562500 0.437500 1.000000
0.000000 0.560547 0.439453 1.000000
0.000000 0.558594 0.441406 1.000000
0.000000 0.556641 0.443359 1.000000
0.000000 0.554688 0.445313 1.000000
0.000000 0.552734 0.447266 1.000000
0.000000 0.550781 0.449219 1.000000
0.000000 0.548828 0.451172 1.000000
0.000000 0.546875 0.453125 1.000000
0.000000 0.544922 0.455078 1.000000
0.000000 0.542969 0.457031 1.000000
0.000000 0.541016 0.458984 1.000000
0.000000 0.539063 0.460938 1.000000
0.000000 0.537109 0.462891 1.000000
0.000000 0.535156 0.464844 1.000000
0.000000 0.533203 0.466797 1.000000
0.000000 0.531250 0.468750 1.000000
0.000000 0.529297 0.470703 1.000000
0.000000 0.527344 0.472656 1.000000
0.000000 0.525391 0.474609 1.000000
0.000000 0.523438 0.476563 1.000000
0.000000 0.521484 0.478516 1.000000
0.000000 0.519531 0.480469 1.000000
0.000000 0.517578 0.482422 1.000000
0.000000 0.515625 0.484375 1.000000
0.000000 0.513672 0.486328 1.000000
0.000000 0.511719 0.488281 1.000000
0.000000 0.509766 0.490234 1.000000
0.000000 0.507813 0.492188 1.000000
0.000000 0.505859 0.494141 1.000000
0.000000 0.503906 0.496094 1.000000
0.000000 0.501953 0.498047 1.000000
0.000000 0.500000 0.500000 1.000000
0.000000 0.498047 0.501953 1.000000
0.000000 0.496094 0.503906 1.000000
0.000000 0.494141 0.505859 1.000000
0.000000 0.492188 0.507813 1.000000
0.000000 0.490234 0.509766 1.000000
0.000000 0.488281 0.511719 1.000000
0.000000 0.486328 0.513672 1.000000
0.000000 0.484375 0.515625 1.000000
0.000000 0.482422 0.517578 1.000000
0.000000 0.480469 0.519531 1.000000
0.000000 0.478516 0.521484 1.000000
0.000000 0.476563 0.523438 1.000000
0.000000 0.474609 0.525391 1.000000
0.000000 0.472656 0.527344 1.000000
0.000000 0.470703 0.529297 1.000000
0.000000 0.468750 0.531250 1.000000
0.000000 0.466797 0.533203 1.000000
0.000000 0.464844 0.535156 1.000000
0.000000 0.462891 0.537109 1.000000
0.000000 0.460938 0.539063 1.000000
0.000000 0.458984 0.541016 1.000000
0.000000 0.457031 0.542969 1.000000
0.000000 0.455078 0.544922 1.000000
0.000000 0.453125 0.546875 1.000000
0.000000 0.451172 0.548828 1.000000
0.000000 0.449219 0.550781 1.000000
0.000000 0.447266 0.552734 1.000000
0.000000 0.445313 0.554688 1.000000
0.000000 0.443359 0.556641 1.000000
0.000000 0.441406 0.558594 1.000000
0.000000 0.439453 0.560547 1.000000
0.000000 0.437500 0.562500 1.000000
0.000000 0.435547 0.564453 1.000000
0.000000 0.433594 0.566406 1.000000
0.000000 0.431641 0.568359 1.000000
0.000000 0.429688 0.570313 1.000000
0.000000 0.427734 0.572266 1.000000
0.000000 0.425781 0.574219 1.000000
0.000000 0.423828 0.576172 1.000000
0.000000 0.421875 0.578125 1.000000
0.000000 0.419922 0.580078 1.000000
0.000000 0.417969 0.582031 1.000000
0.000000 0.416016 0.583984 1.000000
0.000000 0.414063 0.585938 1.000000
0.000000 0.412109 0.587891 1.000000
0.000000 0.410156 0.589844 1.000000
0.000000 0.408203 0.591797 1.000000
0.000000 0.406250 0.593750 1.000000
0.000000 0.404297 0.595703 1.000000
0.000000 0.402344 0.597656 1.000000
0.000000 0.400391 0.599609 1.000000
0.000000 0.398438 0.601563 1.000000
0.000000 0.396484 0.603516 1.000000
0.000000 0.394531 0.605469 1.000000
0.000000 0.392578 0.607422 1.000000
0.000000 0.390625 0.609375 1.000000
0.000000 0.388672 0.611328 1.000000
0.000000 0.386719 0.613281 1.000000
0.000000 0.384766 0.615234 1.000000
0.000000 0.382813 0.617188 1.000000
0.000000 0.380859 0.619141 1.000000
0.000000 0.378906 0.621094 1.000000
0.000000 0.376953 0.623047 1.000000
0.000000 0.375000 0.625000 1.000000
0.000000 0.373047 0.626953 1.000000
0.000000 0.371094 0.628906 1.000000
0.000000 0.369141 0.630859 1.000000
0.000000 0.367188 0.632813 1.000000
0.000000 0.365234 0.634766 1.000000
0.000000 0.363281 0.636719 1.000000
0.000000 0.361328 0.638672 1.000000
0.000000 0.359375 0.640625 1.000000
0.000000 0.357422 0.642578 1.000000
0.000000 0.355469 0.644531 1.000000
0.000000 0.353516 0.646484 1.000000
0.000000 0.351563 0.648438 1.000000
0.000000 0.349609 0.650391 1.000000
0.000000 0.347656 0.652344 1.000000
0.000000 0.345703 0.654297 1.000000
0.000000 0.343750 0.656250 1.000000
0.000000 0.341797 0.658203 1.000000
0.000000 0.339844 0.660156 1.000000
0.000000 0.337891 0.662109 1.000000
0.000000 0.335938 0.664063 1.000000
0.000000 0.333984 0.666016 1.000000
0.000000 0.332031 0.667969 1.000000
0.000000 0.330078 0.669922 1.000000
0.000000 0.328125 0.671875 1.000000
0.000000 0.326172 0.673828 1.000000
0.000000 0.324219 0.675781 1.000000
0.000000 0.322266 0.677734 1.000000
0.000000 0.320313 0.679688 1.000000
0.000000 0.318359 0.681641 1.000000
0.000000 0.316406 0.683594 1.000000
0.000000 0.314453 0.685547 1.000000
0.000000 0.312500 0.687500 1.000000
0.000000 0.310547 0.689453 1.000000
0.000000 0.308594 0.691406 1.000000
0.000000 0.306641 0.693359 1.000000
0.000000 0.304688 0.695313 1.000000
0.000000 0.302734 0.697266 1.000000
0.000000 0.300781 0.699219 1.000000
0.000000 0.298828 0.701172 1.000000
0.000000 0.296875 0.703125 1.000000
0.000000 0.294922 0.705078 1.000000
0.000000 0.292969 0.707031 1.000000
0.000000 0.291016 0.708984 1.000000
0.000000 0.289063 0.710938 1.000000
0.000000 0.287109 0.712891 1.000000
0.000000 0.285156 0.714844 1.000000
0.000000 0.283203 0.716797 1.000000
0.000000 0.281250 0.718750 1.000000
0.000000 0.279297 0.720703 1.000000
0.000000 0.277344 0.722656 1.000000
0.000000 0.275391 0.724609 1.000000
0.000000 0.273438 0.726563 1.000000
0.000000 0.271484 0.728516 1.000000
0.000000 0.269531 0.730469 1.000000
0.000000 0.267578 0.732422 1.000000
0.000000 0.265625 0.734375 1.000000
0.000000 0.263672 0.736328 1.000000
0.000000 0.261719 0.738281 1.000000
0.000000 0.259766 0.740234 1.000000
0.000000 0.257813 0.742188 1.000000
0.000000 0.255859 0.744141 1.000000
0.000000 0.253906 0.746094 1.000000
0.000000 0.251953 0.748047 1.000000
0.000000 0.250000 0.750000 1.000000
0.000000 0.248047 0.751953 1.000000
0.000000 0.246094 0.753906 1.000000
0.000000 0.244141 0.755859 1.000000
0.000000 0.242188 0.757813 1.000000
0.000000 0.240234 0.759766 1.000000
0.000000 0.238281 0.761719 1.000000
0.000000 0.236328 0.763672 1.000000
0.000000 0.234375 0.765625 1.000000
0.000000 0.232422 0.767578 1.000000
0.000000 0.230469 0.769531 1.000000
0.000000 0.228516 0.771484 1.000000
0.000000 0.226563 0.773438 1.000000
0.000000 0.224609 0.775391 1.000000
0.000000 0.222656 0.777344 1.000000
0.000000 0.220703 0.779297 1.000000
0.000000 0.218750 0.781250 1.000000
0.000000 0.216797 0.783203 1.000000
0.000000 0.214844 0.785156 1.000000
0.000000 0.212891 0.787109 1.000000
0.000000 0.210938 0.789063 1.000000
0.000000 0.208984 0.791016 1.000000
0.000000 0.207031 0.792969 1.000000
0.000000 0.205078 0.794922 1.000000
0.000000 0.203125 0.796875 1.000000
0.000000 0.201172 0.798828 1.000000
0.000000 0.199219 0.800781 1.000000
0.000000 0.197266 0.802734 1.000000
0.000000 0.195313 0.804688 1.000000
0.000000 0.193359 0.806641 1.000000
0.000000 0.191406 0.808594 1.000000
0.000000 0.189453 0.810547 1.000000
0.000000 0.187500 0.812500 1.000000
0.000000 0.185547 0.814453 1.000000
0.000000 0.183594 0.816406 1.000000
0.000000 0.181641 0.818359 1.000000
0.000000 0.179688 0.820313 1.000000
0.000000 0.177734 0.822266 1.000000
0.000000 0.175781 0.824219 1.000000
0.000000 0.173828 0.826172 1.000000
0.000000 0.171875 0.828125 1.000000
0.000000 0.169922 0.830078 1.000000
0.000000 0.167969 0.832031 1.000000
0.000000 0.166016 0.833984 1.000000
0.000000 0.164063 0.835938 1.000000
0.000000 0.162109 0.837891 1.000000
0.000000 0.160156 0.839844 1.000000
0.000000 0.158203 0.841797 1.000000
0.000000 0.156250 0.843750 1.000000
0.000000 0.154297 0.845703 1.000000
0.000000 0.152344 0.847656 1.000000
0.000000 0.150391 0.849609 1.000000
0.000000 0.148438 0.851563 1.000000
0.000000 0.146484 0.853516 1.000000
0.000000 0.144531 0.855469 1.000000
0.000000 0.142578 0.857422 1.000000
0.000000 0.140625 0.859375 1.000000
0.000000 0.138672 0.861328 1.000000
0.000000 0.136719 0.863281 1.000000
0.000000 0.134766 0.865234 1.000000
0.000000 0.132813 0.867188 1.000000
0.000000 0.130859 0.869141 1.000000
0.000000 0.128906 0.871094 1.000000
0.000000 0.126953 0.873047 1.000000
0.000000 0.125000 0.875000 1.000000
0.000000 0.123047 0.876953 1.000000
0.000000 0.121094 0.878906 1.000000
0.000000 0.119141 0.880859 1.000000
0.000000 0.117188 0.882813 1.000000
0.000000 0.115234 0.884766 1.000000
0.000000 0.113281 0.886719 1.000000
0.000000 0.111328 0.888672 1.000000
0.000000 0.109375 0.890625 1.000000
0.000000 0.107422 0.892578 1.000000
0.000000 0.105469 0.894531 1.000000
0.000000 0.103516 0.896484 1.000000
0.000000 0.101563 0.898438 1.000000
0.000000 0.099609 0.900391 1.000000
0.000000 0.097656 0.902344 1.000000
0.000000 0.095703 0.904297 1.000000
0.000000 0.093750 0.906250 1.000000
0.000000 0.091797 0.908203 1.000000
0.000000 0.089844 0.910156 1.000000
0.000000 0.087891 0.912109 1.000000
0.000000 0.085938 0.914063 1.000000
0.000000 0.083984 0.916016 1.000000
0.000000 0.082031 0.917969 1.000000
0.000000 0.080078 0.919922 1.000000
0.000000 0.078125 0.921875 1.000000
0.000000 0.076172 0.923828 1.000000
0.000000 0.074219 0.925781 1.000000
0.000000 0.072266 0.927734 1.000000
0.000000 0.070313 0.929688 1.000000
0.000000 0.068359 0.931641 1.000000
0.000000 0.066406 0.933594 1.000000
0.000000 0.064453 0.935547 1.000000
0.000000 0.062500 0.937500 1.000000
0.000000 0.060547 0.939453 1.000000
0.000000 0.058594 0.941406 1.000000
0.000000 0.056641 0.943359 1.000000
0.000000 0.054688 0.945313 1.000000
0.000000 0.052734 0.947266 1.000000
0.000000 0.050781 0.949219 1.000000
0.000000 0.048828 0.951172 1.000000
0.000000 0.046875 0.953125 1.000000
0.000000 0.044922 0.955078 1.000000
0.000000 0.042969 0.957031 1.000000
0.000000 0.041016 0.958984 1.000000
0.000000 0.039063 0.960938 1.000000
0.000000 0.037109 0.962891 1.000000
0.000000 0.035156 0.964844 1.000000
0.000000 0.033203 0.966797 1.000000
0.000000 0.031250 0.968750 1.000000
0.000000 0.029297 0.970703 1.000000
0.000000 0.027344 0.972656 1.000000
0.000000 0.025391 0.974609 1.000000
0.000000 0.023438 0.976563 1.000000
0.000000 0.021484 0.978516 1.000000
0.000000 0.019531 0.980469 1.000000
0.000000 0.017578 0.982422 1.000000
0.000000 0.015625 0.984375 1.000000
0.000000 0.013672 0.986328 1.000000
0.000000 0.011719 0.988281 1.000000
0.000000 0.009766 0.990234 1.000000
0.000000 0.007813 0.992188 1.000000
0.000000 0.005859 0.994141 1.000000
0.000000 0.003906 0.996094 1.000000
0.000000 0.001953 0.998047 1.000000
